-122	189.240
-112	188.546
-102	189.887
-92	189.205
-82	190.546
-72	190.522
-62	189.851
-52	190.522
-42	190.486
-32	190.510
-22	187.911
-12	189.851
-2	189.851
-1	189.205
0	189.839
1	184.092
2	179.086
3	166.010
4	152.827
5	135.967
6	119.694
7	103.577
8	92.453
9	81.413
10	73.677
11	67.606
12	61.799
13	57.692
14	54.411
15	52.040
16	50.280
17	48.567
18	46.604
19	45.969
20	44.568
21	43.371
22	42.317
23	41.036
24	39.910
25	39.503
26	38.162
27	37.910
28	36.629
29	35.883
30	35.023
31	34.074
32	33.153
33	32.923
34	32.030
35	31.262
36	30.413
37	29.906
38	29.385
39	28.687
40	28.300
41	27.621
42	26.783
43	26.322
44	25.786
45	25.264
46	24.824
47	24.152
48	23.654
49	23.016
50	22.698
51	22.161
52	21.859
53	21.412
54	20.828
55	20.476
56	20.058
57	19.578
58	19.176
59	18.659
60	18.464
61	18.091
62	17.661
63	17.300
64	16.945
65	16.426
66	16.200
67	15.869
68	15.600
69	15.179
70	14.917
71	14.513
72	14.216
73	13.927
74	13.641
75	13.358
76	12.999
77	12.779
78	12.556
79	12.300
80	12.009
81	11.807
82	11.601
83	11.366
84	11.136
85	10.944
86	10.577
87	10.428
88	10.111
89	10.043
90	9.834
91	9.566
92	9.439
93	9.182
94	9.025
95	8.809
96	8.718
97	8.512
98	8.336
99	8.198
100	8.056
101	7.891
102	7.703
103	7.624
104	7.442
105	7.265
106	7.241
107	7.067
108	6.901
109	6.805
110	6.646
111	6.576
112	6.510
113	6.266
114	6.225
115	6.057
116	6.012
117	5.869
118	5.810
119	5.671
120	5.555
121	5.536
122	5.386
123	5.312
124	5.186
125	5.150
126	5.132
127	4.976
128	4.912
129	4.893
130	4.742
131	4.725
132	4.597
133	4.566
134	4.488
135	4.441
136	4.336
137	4.262
138	4.190
139	4.160
140	4.132
141	4.047
142	3.965
143	3.950
144	3.911
145	3.857
146	3.791
147	3.753
148	3.740
149	3.675
150	3.613
151	3.589
152	3.553
153	3.515
154	3.454
155	3.396
156	3.360
157	3.338
158	3.292
159	3.248
160	3.225
161	3.193
162	3.138
163	3.083
164	3.063
165	3.021
166	2.980
167	2.949
168	2.909
169	2.898
170	2.849
171	2.819
172	2.801
173	2.772
174	2.725
175	2.696
176	2.659
177	2.642
178	2.606
179	2.588
180	2.569
181	2.525
182	2.509
183	2.474
184	2.433
185	2.424
186	2.375
187	2.375
188	2.343
189	2.318
190	2.270
191	2.247
192	2.224
193	2.224
194	2.185
195	2.178
196	2.148
197	2.120
198	2.105
199	2.075
200	2.054
201	2.034
202	2.026
203	1.998
204	1.971
205	1.952
206	1.938
207	1.898
208	1.872
209	1.866
210	1.853
211	1.815
212	1.810
213	1.791
214	1.766
215	1.748
216	1.736
217	1.718
218	1.706
219	1.683
220	1.671
221	1.654
222	1.614
223	1.626
224	1.593
225	1.587
226	1.560
227	1.543
228	1.529
229	1.523
230	1.497
231	1.482
232	1.472
233	1.442
234	1.436
235	1.407
236	1.407
237	1.398
238	1.388
239	1.359
240	1.355
241	1.350
242	1.319
243	1.318
244	1.300
245	1.295
246	1.287
247	1.273
248	1.247
249	1.235
250	1.231
251	1.226
252	1.205
253	1.197
254	1.185
255	1.164
256	1.160
257	1.144
258	1.137
259	1.125
260	1.114
261	1.102
262	1.092
263	1.087
264	1.076
265	1.061
266	1.061
267	1.047
268	1.039
269	1.030
270	1.018
271	1.019
272	0.997
273	0.980
274	0.994
275	0.964
276	0.960
277	0.967
278	0.951
279	0.928
280	0.928
281	0.918
282	0.899
283	0.903
284	0.890
285	0.890
286	0.878
287	0.869
288	0.863
289	0.851
290	0.851
291	0.840
292	0.840
293	0.834
294	0.814
295	0.814
296	0.808
297	0.792
298	0.798
299	0.781
300	0.776
301	0.773
302	0.771
303	0.752
304	0.749
305	0.752
306	0.745
307	0.734
308	0.724
309	0.724
310	0.712
311	0.705
312	0.697
313	0.700
314	0.690
315	0.680
316	0.676
317	0.669
318	0.662
319	0.658
320	0.662
321	0.642
322	0.644
323	0.640
324	0.637
325	0.624
326	0.622
327	0.618
328	0.612
329	0.604
330	0.601
331	0.595
332	0.591
333	0.589
334	0.585
335	0.581
336	0.575
337	0.565
338	0.555
339	0.561
340	0.554
341	0.550
342	0.548
343	0.546
344	0.538
345	0.533
346	0.529
347	0.524
348	0.522
349	0.513
350	0.510
351	0.510
352	0.503
353	0.501
354	0.492
355	0.491
356	0.484
357	0.486
358	0.484
359	0.478
360	0.471
361	0.465
362	0.460
363	0.460
364	0.457
365	0.450
366	0.449
367	0.447
368	0.443
369	0.432
370	0.434
371	0.429
372	0.422
373	0.427
374	0.415
375	0.416
376	0.412
377	0.406
378	0.409
379	0.399
380	0.397
381	0.398
382	0.391
383	0.390
384	0.387
385	0.381
386	0.382
387	0.379
388	0.375
390	0.370
391	0.366
392	0.360
393	0.362
394	0.353
395	0.355
396	0.352
397	0.353
398	0.348
399	0.342
400	0.339
401	0.337
402	0.335
403	0.336
404	0.329
405	0.328
406	0.325
407	0.321
408	0.320
409	0.316
410	0.314
411	0.312
412	0.310
413	0.308
414	0.302
415	0.303
416	0.301
417	0.297
418	0.296
419	0.292
420	0.291
421	0.288
422	0.284
423	0.286
424	0.282
425	0.278
426	0.277
427	0.278
428	0.272
429	0.271
430	0.271
431	0.268
432	0.264
433	0.261
434	0.259
435	0.260
436	0.255
437	0.254
438	0.255
439	0.250
440	0.248
441	0.243
442	0.243
443	0.241
444	0.242
445	0.241
446	0.237
447	0.237
448	0.233
449	0.231
451	0.229
452	0.227
453	0.222
454	0.223
455	0.219
456	0.218
457	0.216
458	0.217
459	0.213
460	0.212
461	0.210
462	0.207
463	0.208
464	0.205
465	0.205
466	0.205
467	0.202
468	0.199
469	0.199
470	0.197
471	0.197
472	0.194
473	0.192
474	0.192
475	0.189
476	0.189
477	0.184
478	0.185
479	0.183
480	0.180
481	0.180
482	0.180
483	0.176
484	0.176
485	0.176
486	0.171
487	0.173
488	0.170
489	0.170
490	0.169
491	0.167
492	0.165
493	0.163
494	0.162
495	0.161
496	0.161
497	0.159
498	0.158
499	0.156
500	0.157
501	0.154
502	0.155
503	0.152
504	0.150
505	0.149
506	0.150
507	0.148
508	0.145
509	0.143
510	0.144
511	0.144
512	0.140
513	0.138
514	0.138
515	0.137
516	0.136
517	0.137
518	0.134
519	0.135
520	0.134
521	0.132
522	0.130
523	0.130
524	0.127
525	0.126
526	0.127
527	0.126
528	0.126
529	0.124
530	0.122
531	0.122
532	0.122
533	0.119
534	0.119
535	0.118
536	0.118
537	0.116
538	0.116
539	0.115
540	0.114
541	0.113
542	0.112
543	0.111
544	0.111
545	0.109
546	0.109
547	0.109
548	0.107
549	0.105
550	0.107
551	0.104
552	0.104
553	0.102
554	0.103
555	0.101
556	0.102
557	0.099
558	0.099
559	0.097
560	0.098
561	0.097
562	0.096
563	0.095
564	0.093
565	0.093
566	0.091
567	0.093
568	0.092
569	0.091
570	0.090
571	0.090
572	0.090
573	0.087
574	0.086
575	0.086
576	0.085
577	0.085
578	0.085
579	0.084
580	0.082
581	0.084
582	0.082
583	0.081
584	0.080
585	0.079
586	0.080
587	0.080
588	0.078
589	0.077
590	0.078
591	0.077
592	0.076
593	0.076
594	0.074
595	0.074
596	0.074
597	0.074
598	0.071
599	0.072
600	0.072
601	0.071
602	0.071
603	0.070
604	0.069
605	0.069
606	0.069
607	0.067
608	0.066
609	0.066
610	0.066
611	0.065
612	0.066
613	0.065
614	0.064
615	0.063
616	0.063
617	0.063
618	0.062
619	0.061
620	0.061
621	0.060
622	0.061
623	0.059
624	0.059
625	0.058
626	0.057
627	0.059
628	0.057
629	0.058
630	0.057
631	0.057
632	0.056
633	0.055
634	0.055
635	0.055
636	0.054
637	0.053
638	0.054
639	0.053
640	0.052
641	0.052
642	0.051
643	0.052
644	0.051
645	0.051
646	0.049
647	0.050
648	0.049
649	0.049
650	0.050
651	0.048
652	0.046
653	0.048
654	0.047
655	0.048
656	0.047
657	0.046
658	0.046
659	0.045
660	0.045
661	0.044
662	0.045
663	0.044
664	0.044
665	0.043
666	0.044
667	0.043
668	0.043
669	0.043
670	0.041
671	0.041
672	0.042
673	0.041
674	0.040
675	0.040
676	0.041
677	0.040
678	0.039
679	0.039
680	0.039
681	0.039
682	0.039
683	0.038
684	0.037
685	0.037
686	0.037
687	0.037
688	0.037
689	0.036
690	0.036
691	0.036
692	0.035
693	0.035
694	0.036
695	0.035
696	0.034
697	0.035
698	0.033
699	0.034
700	0.034
701	0.034
702	0.033
703	0.033
704	0.032
705	0.032
706	0.031
707	0.032
708	0.032
709	0.031
710	0.032
711	0.031
712	0.030
713	0.030
714	0.030
715	0.030
716	0.029
717	0.029
718	0.030
719	0.029
720	0.029
721	0.028
722	0.029
723	0.028
724	0.028
725	0.028
726	0.028
727	0.027
728	0.027
729	0.027
730	0.027
731	0.026
732	0.026
733	0.026
734	0.026
735	0.026
736	0.026
737	0.026
738	0.026
739	0.025
740	0.025
741	0.025
742	0.024
743	0.024
744	0.025
745	0.024
746	0.024
747	0.024
748	0.023
749	0.024
750	0.023
751	0.024
752	0.023
753	0.022
754	0.023
755	0.022
756	0.022
757	0.022
758	0.022
759	0.022
760	0.021
761	0.022
762	0.021
763	0.021
764	0.021
765	0.021
766	0.021
767	0.021
768	0.021
769	0.021
770	0.020
771	0.020
772	0.020
773	0.020
774	0.020
775	0.019
776	0.019
777	0.019
778	0.020
779	0.019
780	0.019
781	0.019
782	0.019
783	0.019
784	0.018
785	0.019
786	0.018
787	0.018
788	0.018
789	0.018
790	0.017
791	0.017
792	0.017
793	0.018
794	0.017
795	0.016
796	0.017
797	0.017
798	0.017
799	0.016
800	0.016
801	0.016
802	0.017
803	0.016
804	0.016
805	0.016
806	0.016
807	0.016
808	0.016
809	0.015
810	0.015
811	0.015
812	0.015
813	0.015
814	0.015
815	0.015
816	0.015
817	0.015
818	0.015
819	0.014
820	0.014
821	0.014
822	0.014
823	0.014
824	0.014
825	0.014
826	0.014
827	0.014
828	0.014
829	0.013
830	0.013
831	0.013
832	0.013
833	0.013
834	0.013
835	0.013
836	0.013
837	0.013
838	0.013
839	0.013
840	0.013
841	0.013
842	0.012
843	0.012
844	0.012
845	0.012
846	0.012
847	0.012
848	0.012
849	0.012
850	0.012
851	0.011
852	0.011
853	0.012
854	0.011
855	0.011
856	0.011
857	0.011
858	0.011
859	0.011
860	0.011
861	0.011
862	0.011
863	0.011
864	0.011
865	0.011
866	0.011
867	0.010
868	0.010
869	0.010
870	0.010
871	0.010
872	0.010
873	0.010
874	0.010
875	0.010
876	0.010
877	0.010
878	0.010
879	0.010
880	0.010
881	0.010
882	0.010
883	0.009
884	0.009
885	0.009
886	0.009
887	0.009
888	0.009
889	0.009
890	0.009
891	0.009
892	0.009
893	0.009
894	0.009
895	0.009
896	0.009
897	0.009
898	0.009
