-120	406.0
-117	404.6
-116	406.0
-115	404.2
-114	406.0
-113	404.6
-112	404.6
-111	404.6
-110	404.6
-109	406.4
-108	406.4
-107	406.4
-106	403.7
-105	403.7
-104	405.6
-103	405.6
-98	405.6
-97	405.6
-96	405.6
-93	405.6
-92	405.6
-91	405.6
-89	405.6
-87	405.6
-86	405.6
-83	405.6
-81	405.6
-79	405.6
-72	405.6
-70	405.6
-69	405.6
-68	404.2
-66	405.6
-65	407.4
-64	406.0
-63	404.6
-62	406.0
-61	404.6
-60	404.6
-56	404.6
-55	404.6
-54	404.6
-53	406.0
-52	404.6
-50	404.6
-48	406.0
-47	404.6
-45	404.6
-44	404.6
-43	406.0
-42	404.6
-41	404.6
-40	404.6
-37	404.6
-36	404.6
-35	406.4
-34	404.6
-33	404.6
-32	404.6
-31	404.6
-30	404.6
-29	404.6
-27	404.6
-25	406.0
-24	404.6
-23	404.6
-22	406.0
-21	406.0
-20	404.6
-13	406.4
-12	404.6
-10	406.0
-7	404.6
-6	404.6
-5	404.6
-4	404.6
-3	404.6
-2	404.6
-1	404.6
0	406.0
1	406.0
2	412.0
3	422.6
4	430.4
5	436.9
6	443.8
7	448.4
8	451.7
9	451.7
10	451.7
11	451.7
12	449.3
13	446.1
14	443.4
15	441.5
16	439.7
17	437.4
18	435.6
19	432.3
20	432.3
21	429.6
22	429.6
23	428.2
24	426.8
25	428.2
26	428.2
27	428.2
28	428.2
29	428.2
30	428.2
31	429.6
32	429.6
33	429.6
34	431.4
35	431.4
36	431.4
37	431.4
38	433.2
39	433.2
40	433.2
41	436.0
42	434.2
43	435.6
44	435.6
45	436.9
46	436.9
47	436.9
48	439.7
49	439.7
50	436.0
51	439.7
52	441.1
53	439.7
54	439.7
55	443.4
56	440.6
58	440.6
59	443.8
60	436.0
61	442.9
62	445.2
63	445.2
64	441.5
65	439.7
66	439.7
67	439.7
68	441.1
69	441.1
70	441.1
71	442.9
72	439.7
73	436.0
74	437.8
75	441.1
76	432.3
77	437.4
78	436.0
79	438.8
80	434.6
81	436.0
82	429.6
83	432.3
84	438.8
85	430.4
86	434.2
87	432.3
88	435.1
89	433.2
90	426.8
91	428.2
92	429.6
93	429.6
94	432.8
95	430.4
96	430.4
98	428.6
99	428.6
100	428.6
102	428.6
103	424.9
104	428.6
106	426.8
107	426.8
108	432.3
109	430.4
110	433.7
111	430.9
112	428.2
113	426.8
114	426.8
115	429.6
116	427.7
117	427.7
118	427.7
119	424.0
120	427.7
121	427.7
122	427.7
123	429.6
124	426.3
125	427.7
126	427.7
128	427.7
129	427.7
130	430.4
131	428.6
132	428.6
133	428.6
134	428.6
135	424.9
136	426.8
137	426.8
138	428.6
139	428.6
140	428.6
141	428.6
142	428.6
143	428.6
144	428.6
145	428.6
146	428.6
147	428.6
148	428.6
149	428.6
150	426.3
151	426.3
152	426.3
153	426.3
154	426.3
155	424.5
156	428.2
157	424.0
158	424.0
159	426.8
160	426.8
161	422.6
162	426.8
163	423.1
164	423.1
165	424.5
166	424.5
167	423.1
168	423.1
169	423.1
170	423.1
171	423.1
172	423.1
173	419.4
174	419.4
175	419.4
176	419.4
177	419.4
178	419.4
179	419.4
180	419.4
181	415.7
182	417.6
183	417.6
184	417.6
185	417.6
186	417.6
187	415.2
188	415.2
189	415.2
190	415.2
191	412.0
192	412.0
193	412.0
194	413.4
195	412.0
196	412.0
197	412.0
198	409.7
199	411.1
200	409.7
201	411.1
202	411.1
203	408.3
204	411.6
205	408.3
207	406.4
208	407.8
209	406.0
210	406.0
211	406.0
212	406.0
213	406.0
214	406.0
215	404.6
216	404.6
217	404.6
219	402.8
220	404.2
221	402.8
222	404.6
223	404.6
224	402.3
225	402.3
226	400.9
227	400.9
228	402.3
229	400.9
230	400.9
231	402.3
232	399.1
233	400.9
235	399.1
236	399.1
237	399.1
238	399.1
239	399.1
240	399.1
241	399.1
242	399.1
243	397.2
245	397.2
246	397.2
247	397.2
248	399.1
249	395.3
250	396.7
252	396.7
253	395.3
254	395.3
255	396.7
256	395.3
258	393.5
262	393.5
264	393.5
266	393.5
267	393.5
268	393.5
269	391.2
270	391.2
271	392.6
272	392.6
273	392.6
274	390.7
275	390.7
276	390.7
277	390.7
278	390.7
279	390.7
280	392.1
281	392.1
282	389.3
283	389.3
284	389.3
285	387.9
286	390.7
287	390.7
288	387.9
290	387.9
291	389.8
292	387.9
293	387.9
294	387.9
295	387.9
296	387.9
297	387.9
298	387.9
299	387.9
300	387.9
301	387.9
302	387.9
303	387.9
304	386.1
305	386.1
306	387.9
307	386.1
309	386.1
310	386.1
311	387.4
312	385.1
313	385.1
314	385.1
315	385.1
316	385.1
317	385.1
319	383.3
320	383.3
321	383.3
322	385.6
323	384.2
324	384.2
326	384.2
327	384.2
328	384.2
329	384.2
330	384.2
331	382.3
332	382.3
333	382.3
334	382.3
335	384.2
336	382.8
339	382.8
341	382.8
342	382.8
345	381.4
346	381.4
347	381.4
349	381.4
350	381.4
353	381.4
354	381.4
355	381.4
356	380.0
358	380.0
359	380.0
361	378.6
362	378.6
363	380.0
364	380.0
365	378.6
366	380.5
368	378.6
370	378.6
371	378.6
372	380.0
373	380.0
374	378.6
375	380.0
376	378.6
377	378.6
379	378.6
380	378.6
381	378.6
383	378.6
385	378.6
386	378.6
387	378.6
389	376.8
391	376.8
392	378.2
394	376.8
395	376.8
396	376.8
397	376.8
399	376.8
400	376.8
403	376.8
404	376.8
405	376.8
407	376.8
412	376.8
413	376.8
414	376.8
415	376.8
416	374.9
417	376.8
418	376.8
419	374.9
421	374.9
423	374.9
424	374.9
425	374.9
426	374.9
427	374.9
428	374.9
429	374.9
430	374.9
432	374.9
433	374.9
435	374.9
437	374.9
438	374.9
439	374.9
440	374.9
441	374.9
443	374.9
444	374.9
445	373.1
446	374.4
448	374.4
449	373.1
450	373.1
451	373.1
452	374.4
453	373.1
454	373.1
457	373.1
460	373.1
462	373.1
463	373.1
465	373.1
466	373.1
467	371.2
468	374.0
469	374.0
470	371.2
471	373.1
472	373.1
473	371.2
474	373.1
476	373.1
477	373.1
478	373.1
479	373.1
481	371.7
482	373.1
483	371.2
484	372.6
488	371.2
491	372.6
492	371.2
493	371.2
494	371.2
495	371.2
496	372.6
497	372.6
498	371.2
499	371.2
500	371.2
501	371.2
502	369.3
503	371.2
504	371.2
506	371.2
507	371.2
508	371.2
509	371.2
510	371.2
511	371.2
512	371.2
513	369.3
514	369.3
515	369.3
517	370.7
518	370.7
519	370.7
521	369.3
522	372.1
523	370.7
524	370.7
525	369.3
526	370.7
527	370.7
528	370.7
529	368.8
530	370.3
531	370.3
534	370.3
537	370.3
539	370.3
540	370.3
541	370.3
543	370.3
544	370.3
545	370.3
546	367.4
547	368.8
548	367.0
549	369.3
551	369.3
553	369.3
554	369.3
555	367.4
556	368.8
557	368.8
559	368.8
560	367.4
562	368.8
567	368.8
568	368.8
569	368.8
570	367.4
571	368.8
573	368.8
574	367.4
575	367.4
576	367.4
577	368.8
578	367.4
580	368.8
581	368.8
582	367.4
584	367.4
585	368.8
586	368.8
587	367.4
588	367.4
589	367.4
590	367.4
591	367.4
592	367.4
593	367.4
594	367.4
595	367.4
596	367.4
597	367.4
601	367.4
602	367.4
603	367.4
604	365.6
605	367.4
606	367.4
607	367.4
610	367.4
611	367.4
613	367.4
614	367.4
615	367.4
616	367.4
618	367.4
619	365.6
621	365.6
622	367.4
623	367.4
624	365.6
625	365.6
626	365.6
627	365.6
628	367.4
629	364.7
630	367.4
631	365.6
632	365.6
633	365.6
634	367.0
635	367.0
636	365.1
637	367.4
638	367.4
639	367.4
640	364.7
641	366.5
642	366.5
643	365.1
644	363.7
645	363.7
646	367.0
647	363.3
648	365.6
649	365.6
650	365.6
651	365.6
653	365.6
656	365.6
658	365.6
659	365.6
667	365.6
669	365.6
672	365.6
673	365.6
674	363.7
675	365.1
676	365.1
677	363.7
678	365.6
684	365.6
686	365.6
687	365.6
689	363.7
690	365.1
691	365.1
692	363.7
693	365.6
694	365.6
695	365.6
698	365.6
699	363.7
701	363.7
702	365.1
704	363.7
709	363.7
710	365.6
711	363.7
713	365.1
714	363.7
717	365.6
718	363.7
721	365.1
722	365.1
723	365.1
724	363.7
725	363.7
728	363.7
730	363.7
731	363.7
732	363.7
733	363.7
734	363.7
735	363.7
736	363.7
737	365.1
738	365.1
739	363.7
740	363.7
742	361.9
743	363.7
744	365.1
745	363.3
746	363.3
747	365.6
748	363.3
749	365.6
750	363.7
751	363.7
753	363.7
754	363.7
755	363.7
756	363.7
757	363.7
758	363.7
759	363.7
761	363.7
763	361.9
764	363.3
765	363.3
770	361.9
772	363.7
775	363.7
777	363.7
778	363.7
779	363.7
780	363.7
781	361.9
782	361.9
784	363.3
785	363.3
786	363.3
787	363.3
788	363.3
789	363.3
790	363.3
791	363.3
792	363.3
793	361.9
794	363.3
795	361.9
796	361.9
797	361.9
798	363.7
799	361.9
800	361.9
801	363.7
802	361.9
803	363.3
804	363.3
807	361.9
808	361.9
810	361.9
811	361.9
812	363.3
813	361.9
814	363.3
815	361.9
816	363.3
817	361.9
819	361.9
821	363.3
822	361.9
823	361.9
824	361.9
825	361.9
826	363.7
827	363.7
828	363.7
829	361.9
830	361.9
831	361.9
832	361.9
833	361.9
836	361.9
837	361.9
838	361.9
839	361.9
841	361.9
842	361.9
843	361.9
844	361.9
845	361.9
846	360.0
847	361.9
848	359.6
849	362.8
850	362.8
851	362.8
852	362.8
853	362.8
854	362.8
856	362.8
858	361.4
859	361.4
860	361.4
861	361.4
862	361.4
863	361.4
864	361.4
865	362.8
866	361.4
867	361.4
869	361.4
870	361.4
871	361.4
872	360.0
873	362.8
874	362.8
875	362.8
876	360.9
877	358.1
878	360.0
879	361.9
881	361.9
882	361.9
883	361.9
884	361.9
885	363.3
886	360.0
887	361.9
888	361.9
889	363.3
890	361.9
891	361.9
892	361.9
893	361.9
895	360.0
896	361.4
898	361.4
