-120.000000000004	317.125000000000
-119.000000000003	317.125000000000
-118.000000000006	317.291666666667
-117.000000000004	316.763888888889
-116.000000000007	316.430555555556
-115.000000000000	316.611111111111
-114.000000000003	316.611111111111
-113.000000000002	317.111111111111
-112.000000000005	316.694444444444
-111.000000000003	316.958333333333
-110.000000000006	316.694444444444
-108.999999999999	316.694444444444
-108.000000000003	316.694444444444
-107.000000000001	316.347222222222
-106.000000000004	316.347222222222
-105.000000000002	316.777777777778
-104.000000000005	316.611111111111
-102.999999999999	316.777777777778
-102.000000000002	316.611111111111
-101.000000000005	316.777777777778
-100.000000000003	316.777777777778
-98.000000000004	316.944444444444
-97.000000000007	316.944444444444
-96.000000000001	316.777777777778
-95.000000000004	316.777777777778
-94.000000000002	316.777777777778
-93.000000000005	317.291666666667
-91.000000000006	317.111111111111
-90.000000000000	317.111111111111
-89.000000000003	316.777777777778
-88.000000000001	316.861111111111
-87.000000000004	317.388888888889
-86.000000000002	316.527777777778
-85.000000000005	316.166666666667
-83.999999999999	316.430555555556
-83.000000000002	316.083333333333
-82.000000000005	316.263888888889
-81.000000000003	316.861111111111
-80.000000000006	317.208333333333
-79.000000000004	317.208333333333
-78.000000000007	316.694444444444
-77.000000000001	317.805555555556
-76.000000000004	316.250000000000
-75.000000000002	316.430555555556
-74.000000000005	316.430555555556
-73.000000000003	316.597222222222
-72.000000000007	316.694444444444
-71.000000000000	316.861111111111
-70.000000000003	317.027777777778
-69.000000000001	316.777777777778
-68.000000000004	316.611111111111
-67.000000000003	316.861111111111
-66.000000000006	316.861111111111
-64.999999999999	316.166666666667
-64.000000000002	316.694444444444
-63.000000000000	316.694444444444
-62.000000000003	317.111111111111
-61.000000000006	317.111111111111
-60.000000000005	317.375000000000
-59.000000000008	317.555555555556
-58.000000000001	316.430555555556
-57.000000000004	316.430555555556
-56.000000000002	316.430555555556
-55.000000000005	317.819444444444
-54.000000000004	317.638888888889
-53.000000000007	316.333333333333
-52.000000000000	317.027777777778
-51.000000000003	316.513888888889
-50.000000000001	317.736111111111
-49.000000000005	316.777777777778
-48.000000000003	316.777777777778
-47.000000000006	316.777777777778
-45.999999999999	317.041666666667
-45.000000000002	316.083333333333
-44.000000000001	316.611111111111
-43.000000000004	316.861111111111
-42.000000000002	316.694444444444
-41.000000000005	316.527777777778
-40.000000000008	316.944444444444
-39.000000000001	317.125000000000
-38.000000000004	316.513888888889
-37.000000000003	316.944444444444
-36.000000000006	317.291666666667
-35.000000000004	316.777777777778
-34.000000000007	317.027777777778
-33.000000000000	317.375000000000
-32.000000000003	316.944444444444
-31.000000000002	317.472222222222
-30.000000000005	316.611111111111
-29.000000000003	316.611111111111
-28.000000000006	316.777777777778
-26.999999999999	316.944444444444
-26.000000000003	316.430555555556
-25.000000000001	316.430555555556
-24.000000000004	317.208333333333
-23.000000000002	317.041666666667
-22.000000000005	317.041666666667
-21.000000000008	316.861111111111
-20.000000000002	317.027777777778
-19.000000000005	317.027777777778
-18.000000000003	316.777777777778
-17.000000000006	317.277777777778
-16.000000000004	317.805555555556
-15.000000000007	317.986111111111
-14.000000000001	317.361111111111
-13.000000000004	317.361111111111
-12.000000000002	317.361111111111
-11.000000000005	317.986111111111
-10.000000000003	317.194444444444
-9.000000000006	317.194444444444
-8.000000000000	317.541666666667
-7.000000000003	317.541666666667
-6.000000000001	317.722222222222
-5.000000000004	317.722222222222
-4.000000000002	318.069444444444
-3.000000000005	317.555555555556
-1.999999999999	318.333333333333
-1.000000000002	318.333333333333
0.000000000000	318.333333333333
0.999999999997	317.555555555556
1.999999999994	318.069444444444
2.999999999996	318.416666666667
3.999999999993	318.416666666667
4.999999999999	318.861111111111
5.999999999996	319.027777777778
7.999999999995	318.861111111111
8.999999999997	319.208333333333
9.999999999994	319.041666666667
11.000000000000	319.375000000000
11.999999999997	319.375000000000
12.999999999999	319.375000000000
13.999999999996	319.541666666667
14.999999999998	319.986111111111
15.999999999995	319.986111111111
17.000000000001	319.819444444444
17.999999999998	320.430555555556
19.000000000000	320.250000000000
19.999999999997	320.250000000000
20.999999999994	320.250000000000
21.999999999995	320.763888888889
22.999999999992	320.944444444444
23.999999999999	320.430555555556
24.999999999996	321.111111111111
25.999999999998	321.638888888889
26.999999999995	321.111111111111
27.999999999996	320.513888888889
28.999999999993	321.111111111111
30.000000000000	321.111111111111
30.999999999997	320.944444444444
31.999999999999	320.777777777778
32.999999999996	320.777777777778
33.999999999997	321.194444444444
34.999999999994	320.777777777778
36.999999999998	320.777777777778
38.000000000000	321.458333333333
38.999999999997	320.513888888889
39.999999999994	321.208333333333
40.999999999995	320.680555555556
41.999999999992	321.027777777778
42.999999999999	320.513888888889
43.999999999996	320.513888888889
44.999999999997	320.694444444444
45.999999999994	320.513888888889
46.999999999996	321.027777777778
47.999999999993	320.250000000000
49.000000000000	320.513888888889
49.999999999997	320.694444444444
50.999999999998	320.430555555556
51.999999999995	320.527777777778
52.999999999997	320.347222222222
53.999999999994	320.347222222222
55.000000000001	320.166666666667
55.999999999998	320.166666666667
56.999999999999	320.166666666667
57.999999999996	319.986111111111
58.999999999998	319.819444444444
59.999999999995	320.166666666667
60.999999999992	319.986111111111
61.999999999999	319.986111111111
62.999999999996	319.986111111111
63.999999999997	319.819444444444
64.999999999994	319.472222222222
65.999999999996	319.472222222222
66.999999999993	319.472222222222
67.999999999999	319.652777777778
68.999999999996	319.472222222222
69.999999999998	319.305555555556
70.999999999995	318.333333333333
71.999999999997	318.333333333333
72.999999999994	318.083333333333
74.000000000000	319.208333333333
74.999999999997	318.680555555556
75.999999999999	319.041666666667
76.999999999996	319.041666666667
77.999999999998	318.513888888889
78.999999999995	318.513888888889
80.000000000001	318.152777777778
80.999999999998	318.597222222222
81.999999999995	318.597222222222
82.999999999997	318.611111111111
83.999999999994	318.430555555556
84.999999999996	318.430555555556
85.999999999993	318.430555555556
86.999999999999	317.888888888889
87.999999999996	317.888888888889
88.999999999998	317.888888888889
89.999999999995	317.472222222222
90.999999999997	317.805555555556
91.999999999994	317.625000000000
93.000000000000	317.625000000000
93.999999999997	317.111111111111
94.999999999999	317.111111111111
95.999999999996	317.111111111111
96.999999999998	317.625000000000
97.999999999995	316.944444444444
99.000000000001	317.361111111111
99.999999999998	317.013888888889
101.000000000000	317.277777777778
101.999999999997	316.944444444444
102.999999999994	316.944444444444
103.999999999995	316.944444444444
104.999999999992	316.527777777778
105.999999999999	317.027777777778
106.999999999996	316.347222222222
107.999999999998	316.694444444444
108.999999999995	316.527777777778
109.999999999996	316.527777777778
110.999999999993	316.263888888889
112.000000000000	316.430555555556
112.999999999997	315.916666666667
113.999999999999	315.916666666667
114.999999999996	316.347222222222
115.999999999997	316.527777777778
116.999999999994	316.361111111111
118.000000000001	315.652777777778
118.999999999998	316.013888888889
120.000000000000	316.694444444444
120.999999999997	316.347222222222
121.999999999998	315.375000000000
122.999999999995	316.513888888889
123.999999999992	315.305555555556
124.999999999999	316.166666666667
125.999999999996	315.736111111111
126.999999999997	314.958333333333
127.999999999994	316.000000000000
128.999999999996	316.416666666667
129.999999999993	315.291666666667
131.000000000000	315.291666666667
132.999999999998	315.555555555556
133.999999999995	315.986111111111
134.999999999997	315.652777777778
135.999999999994	315.291666666667
137.000000000001	314.694444444444
137.999999999998	315.027777777778
138.999999999999	315.027777777778
139.999999999996	315.027777777778
140.999999999998	315.027777777778
141.999999999995	314.847222222222
142.999999999992	314.513888888889
143.999999999999	314.513888888889
144.999999999996	315.013888888889
145.999999999997	314.250000000000
146.999999999994	314.666666666667
147.999999999996	314.500000000000
148.999999999993	314.833333333333
150.000000000000	314.333333333333
150.999999999997	314.666666666667
151.999999999998	314.416666666667
152.999999999995	314.152777777778
153.999999999997	315.027777777778
154.999999999994	314.416666666667
156.000000000001	314.416666666667
156.999999999997	314.583333333333
157.999999999999	314.583333333333
158.999999999996	314.750000000000
159.999999999998	314.500000000000
160.999999999995	314.333333333333
162.000000000001	314.847222222222
162.999999999998	314.666666666667
163.999999999995	314.847222222222
164.999999999997	314.333333333333
165.999999999994	314.583333333333
166.999999999996	313.722222222222
167.999999999993	313.388888888889
168.999999999999	314.250000000000
169.999999999996	314.680555555556
170.999999999998	314.083333333333
171.999999999995	314.083333333333
172.999999999997	314.083333333333
173.999999999994	314.083333333333
175.000000000000	314.083333333333
175.999999999997	313.652777777778
176.999999999999	314.430555555556
177.999999999996	314.263888888889
178.999999999998	314.083333333333
181.000000000001	313.750000000000
181.999999999998	313.916666666667
183.000000000000	313.916666666667
183.999999999997	313.833333333333
184.999999999994	313.652777777778
185.999999999996	313.833333333333
186.999999999993	313.833333333333
187.999999999999	313.486111111111
188.999999999996	313.916666666667
189.999999999998	313.305555555556
190.999999999995	314.083333333333
191.999999999997	314.083333333333
192.999999999994	313.652777777778
194.000000000000	313.652777777778
194.999999999997	313.736111111111
195.999999999999	313.305555555556
196.999999999996	313.486111111111
197.999999999998	314.013888888889
198.999999999995	313.138888888889
200.000000000001	313.138888888889
200.999999999998	313.305555555556
202.000000000000	313.305555555556
202.999999999997	313.305555555556
203.999999999994	313.305555555556
204.999999999996	313.916666666667
205.999999999992	313.916666666667
206.999999999999	313.402777777778
207.999999999996	313.402777777778
208.999999999998	313.222222222222
209.999999999995	313.222222222222
210.999999999996	312.958333333333
211.999999999993	313.305555555556
213.000000000000	313.305555555556
213.999999999997	313.305555555556
214.999999999999	313.138888888889
215.999999999996	313.138888888889
216.999999999997	313.583333333333
217.999999999994	312.708333333333
219.000000000001	312.888888888889
219.999999999998	313.236111111111
221.000000000000	313.652777777778
221.999999999997	313.222222222222
222.999999999998	313.402777777778
223.999999999995	313.402777777778
224.999999999992	312.875000000000
225.999999999999	313.041666666667
226.999999999996	312.527777777778
227.999999999998	313.402777777778
228.999999999995	313.222222222222
229.999999999996	313.222222222222
230.999999999993	313.222222222222
232.000000000000	313.222222222222
232.999999999997	312.708333333333
233.999999999999	312.708333333333
234.999999999996	312.708333333333
235.999999999997	312.708333333333
236.999999999994	312.875000000000
238.000000000001	312.708333333333
240.000000000000	312.708333333333
240.999999999996	313.402777777778
241.999999999998	312.791666666667
242.999999999995	312.791666666667
244.000000000002	313.222222222222
244.999999999999	312.444444444444
245.999999999996	312.875000000000
246.999999999997	312.875000000000
247.999999999994	312.875000000000
248.999999999996	312.513888888889
249.999999999993	312.513888888889
251.000000000000	313.041666666667
251.999999999997	312.694444444444
252.999999999998	313.138888888889
253.999999999995	312.875000000000
254.999999999997	312.347222222222
255.999999999994	312.000000000000
257.000000000001	312.694444444444
257.999999999998	312.513888888889
258.999999999999	312.875000000000
259.999999999996	312.694444444444
260.999999999998	312.527777777778
261.999999999995	312.347222222222
263.000000000002	312.694444444444
263.999999999999	312.694444444444
265.000000000000	312.875000000000
265.999999999997	312.263888888889
266.999999999994	312.694444444444
267.999999999996	312.694444444444
268.999999999993	312.958333333333
270.000000000000	312.611111111111
270.999999999997	313.305555555556
271.999999999998	312.611111111111
272.999999999995	313.041666666667
273.999999999997	313.208333333333
274.999999999994	313.208333333333
276.000000000001	312.347222222222
276.999999999998	313.125000000000
277.999999999999	312.694444444444
278.999999999996	312.444444444444
279.999999999998	312.444444444444
280.999999999995	312.444444444444
282.000000000002	312.444444444444
282.999999999999	313.041666666667
284.000000000000	312.263888888889
284.999999999997	312.694444444444
285.999999999994	312.694444444444
286.999999999996	312.694444444444
287.999999999993	312.347222222222
289.000000000000	312.347222222222
289.999999999997	312.875000000000
290.999999999998	312.513888888889
291.999999999995	313.125000000000
292.999999999997	313.305555555556
293.999999999994	312.430555555556
295.000000000001	312.430555555556
295.999999999998	312.958333333333
296.999999999999	312.250000000000
297.999999999996	312.777777777778
298.999999999998	312.777777777778
299.999999999995	313.125000000000
301.000000000002	312.444444444444
301.999999999999	312.875000000000
303.000000000000	312.694444444444
303.999999999997	312.263888888889
304.999999999999	312.263888888889
305.999999999996	313.125000000000
306.999999999993	313.125000000000
308.000000000000	313.125000000000
308.999999999997	312.444444444444
309.999999999998	312.444444444444
310.999999999995	312.611111111111
311.999999999997	312.000000000000
312.999999999994	312.777777777778
314.000000000001	312.430555555556
314.999999999998	311.722222222222
315.999999999999	312.166666666667
316.999999999996	312.430555555556
317.999999999998	313.041666666667
318.999999999995	312.347222222222
320.000000000002	312.958333333333
320.999999999999	312.777777777778
322.000000000000	312.444444444444
322.999999999997	312.611111111111
323.999999999999	312.611111111111
324.999999999996	312.611111111111
326.000000000003	312.444444444444
327.000000000000	312.694444444444
327.999999999997	312.263888888889
328.999999999998	312.263888888889
329.999999999995	312.444444444444
330.999999999997	312.180555555556
331.999999999994	312.444444444444
333.000000000001	313.305555555556
333.999999999998	312.875000000000
334.999999999999	312.875000000000
335.999999999996	312.875000000000
336.999999999998	312.430555555556
337.999999999995	312.694444444444
339.000000000002	312.958333333333
339.999999999999	312.958333333333
341.000000000000	313.138888888889
341.999999999997	312.611111111111
342.999999999999	312.777777777778
343.999999999996	312.777777777778
345.000000000003	312.263888888889
346.000000000000	312.958333333333
347.000000000001	313.138888888889
347.999999999998	313.319444444444
348.999999999995	312.791666666667
349.999999999997	313.236111111111
350.999999999994	313.236111111111
352.000000000001	312.875000000000
352.999999999998	313.041666666667
353.999999999999	313.041666666667
354.999999999996	312.875000000000
355.999999999998	313.055555555556
356.999999999995	312.444444444444
358.000000000002	313.055555555556
358.999999999999	313.055555555556
360.000000000000	313.666666666667
360.999999999997	313.402777777778
361.999999999999	313.402777777778
362.999999999996	313.055555555556
364.000000000003	312.791666666667
365.000000000000	313.402777777778
366.000000000001	312.791666666667
366.999999999998	312.791666666667
367.999999999995	313.583333333333
368.999999999997	313.319444444444
369.999999999994	313.930555555555
371.000000000001	312.875000000000
371.999999999998	313.055555555556
372.999999999999	313.055555555556
373.999999999996	313.569444444444
374.999999999998	313.402777777778
375.999999999995	313.402777777778
377.000000000002	313.402777777778
377.999999999999	313.236111111111
379.000000000000	313.236111111111
379.999999999997	313.236111111111
380.999999999999	313.055555555556
381.999999999996	313.666666666667
383.000000000003	313.055555555556
384.000000000000	313.666666666667
385.000000000001	313.666666666667
385.999999999998	313.138888888889
387.000000000000	312.972222222222
387.999999999997	312.972222222222
388.999999999994	313.486111111111
390.000000000001	313.305555555556
390.999999999998	313.305555555556
391.999999999999	313.305555555556
392.999999999996	312.972222222222
393.999999999998	312.791666666667
394.999999999995	312.972222222222
396.000000000002	313.138888888889
396.999999999999	313.486111111111
398.000000000000	313.486111111111
398.999999999997	313.736111111111
399.999999999999	313.569444444444
400.999999999996	312.972222222222
402.000000000003	313.486111111111
403.000000000000	313.138888888889
404.000000000001	312.972222222222
404.999999999998	313.402777777778
406.000000000000	313.152777777778
406.999999999997	314.013888888889
408.000000000004	313.833333333333
409.000000000001	313.833333333333
409.999999999998	313.055555555556
410.999999999999	313.486111111111
411.999999999996	313.319444444444
412.999999999998	313.319444444444
413.999999999995	313.833333333333
415.000000000002	313.583333333333
415.999999999999	313.833333333333
417.000000000000	313.055555555556
417.999999999997	313.402777777778
418.999999999999	313.569444444444
419.999999999996	312.805555555556
421.000000000003	313.583333333333
422.000000000000	313.583333333333
423.000000000001	313.750000000000
423.999999999998	313.930555555555
425.000000000000	313.319444444444
425.999999999997	312.541666666667
427.000000000004	314.000000000000
428.000000000001	313.319444444444
428.999999999998	313.138888888889
429.999999999999	313.750000000000
430.999999999996	313.750000000000
431.999999999998	313.486111111111
432.999999999995	313.138888888889
434.000000000002	313.569444444444
434.999999999999	313.569444444444
436.000000000000	313.236111111111
436.999999999997	313.236111111111
437.999999999999	312.708333333333
438.999999999996	313.402777777778
440.000000000003	313.138888888889
441.000000000000	313.305555555556
442.000000000001	313.305555555556
442.999999999998	313.305555555556
444.000000000000	314.000000000000
444.999999999997	312.805555555556
446.000000000004	313.486111111111
447.000000000001	313.319444444444
448.000000000002	313.750000000000
448.999999999999	312.611111111111
449.999999999996	313.402777777778
450.999999999998	312.805555555556
451.999999999995	313.569444444444
453.000000000002	313.222222222222
453.999999999999	313.222222222222
455.000000000000	313.486111111111
455.999999999997	312.791666666667
456.999999999999	312.791666666667
457.999999999996	313.666666666667
459.000000000003	313.138888888889
460.000000000000	313.666666666667
461.000000000001	312.805555555556
461.999999999998	313.236111111111
463.000000000000	312.972222222222
463.999999999997	313.486111111111
465.000000000004	313.222222222222
466.000000000001	313.652777777778
467.000000000002	313.402777777778
467.999999999999	313.652777777778
469.000000000001	313.833333333333
469.999999999998	314.013888888889
470.999999999995	312.791666666667
472.000000000002	313.236111111111
472.999999999999	313.236111111111
474.000000000000	313.500000000000
474.999999999997	313.236111111111
475.999999999999	314.013888888889
476.999999999996	313.055555555556
478.000000000003	313.652777777778
479.000000000000	313.138888888889
480.000000000001	313.138888888889
480.999999999998	313.138888888889
482.000000000000	313.916666666667
482.999999999997	312.972222222222
484.000000000004	312.972222222222
485.000000000001	313.402777777778
486.000000000002	313.222222222222
486.999999999999	313.402777777778
488.000000000001	313.402777777778
488.999999999998	313.402777777778
490.000000000005	313.736111111111
491.000000000002	313.736111111111
491.999999999999	312.805555555556
493.000000000000	313.486111111111
493.999999999997	313.666666666667
494.999999999999	313.319444444444
495.999999999996	313.319444444444
497.000000000003	313.486111111111
498.000000000000	313.486111111111
499.000000000001	313.486111111111
499.999999999998	313.652777777778
501.000000000000	313.138888888889
501.999999999997	313.138888888889
503.000000000004	314.361111111111
504.000000000001	313.500000000000
505.000000000002	313.319444444444
505.999999999999	313.666666666667
507.000000000001	313.666666666667
507.999999999998	313.666666666667
509.000000000005	313.319444444444
510.000000000002	313.319444444444
510.999999999999	313.486111111111
512.000000000000	313.319444444444
512.999999999997	313.666666666667
513.999999999999	313.666666666667
514.999999999996	313.138888888889
516.000000000003	313.583333333333
518.000000000001	313.583333333333
518.999999999998	313.319444444444
520.000000000000	313.055555555556
520.999999999997	313.236111111111
522.000000000003	313.583333333333
523.000000000000	313.055555555556
524.000000000002	313.583333333333
524.999999999999	313.750000000000
526.000000000001	313.319444444444
526.999999999998	313.319444444444
528.000000000004	313.500000000000
529.000000000001	313.500000000000
530.000000000003	313.152777777778
531.000000000000	313.319444444444
531.999999999997	313.833333333333
532.999999999998	313.486111111111
533.999999999995	313.486111111111
535.000000000002	313.486111111111
535.999999999999	313.652777777778
537.000000000001	313.833333333333
537.999999999997	312.972222222222
538.999999999999	313.402777777778
539.999999999996	313.402777777778
541.000000000003	313.222222222222
542.000000000000	313.486111111111
543.000000000001	313.652777777778
543.999999999998	313.486111111111
545.000000000000	313.138888888889
545.999999999997	313.916666666667
547.000000000004	313.916666666667
548.000000000000	313.222222222222
549.000000000002	313.222222222222
549.999999999999	313.402777777778
551.000000000001	313.402777777778
551.999999999998	313.402777777778
552.999999999995	313.402777777778
554.000000000001	313.055555555556
554.999999999998	312.888888888889
556.000000000000	313.319444444444
556.999999999997	313.319444444444
557.999999999999	312.888888888889
560.000000000002	313.152777777778
560.999999999999	313.402777777778
562.000000000001	312.791666666667
562.999999999998	313.583333333333
563.999999999999	312.888888888889
564.999999999996	313.569444444444
566.000000000003	313.750000000000
567.000000000000	313.138888888889
568.000000000001	313.305555555556
568.999999999998	313.583333333333
570.000000000000	312.972222222222
570.999999999997	313.833333333333
572.000000000004	313.500000000000
573.000000000001	313.319444444444
573.999999999997	313.319444444444
574.999999999999	313.319444444444
575.999999999996	313.500000000000
576.999999999998	313.500000000000
577.999999999995	313.236111111111
579.000000000001	313.833333333333
579.999999999998	313.138888888889
581.000000000000	313.486111111111
581.999999999997	313.666666666667
582.999999999999	313.319444444444
583.999999999996	313.319444444444
585.000000000002	313.138888888889
585.999999999999	313.402777777778
587.000000000001	313.402777777778
587.999999999998	313.222222222222
588.999999999999	313.055555555556
589.999999999996	313.402777777778
591.000000000003	313.222222222222
592.000000000000	312.888888888889
592.999999999997	313.583333333333
593.999999999999	313.222222222222
594.999999999995	313.402777777778
595.999999999997	313.583333333333
596.999999999994	313.583333333333
598.000000000001	313.055555555556
598.999999999998	313.236111111111
599.999999999999	313.236111111111
600.999999999996	313.236111111111
601.999999999998	313.236111111111
602.999999999995	312.972222222222
604.000000000001	313.402777777778
604.999999999998	313.402777777778
606.000000000000	313.236111111111
606.999999999997	313.402777777778
607.999999999999	312.972222222222
608.999999999996	313.402777777778
610.000000000002	313.569444444444
610.999999999999	313.236111111111
612.000000000001	313.402777777778
612.999999999998	313.402777777778
613.999999999995	313.402777777778
614.999999999996	313.152777777778
615.999999999993	312.527777777778
617.000000000000	313.583333333333
617.999999999997	312.791666666667
618.999999999999	312.791666666667
619.999999999996	313.319444444444
620.999999999997	312.958333333333
621.999999999994	312.972222222222
623.000000000001	313.138888888889
623.999999999998	313.138888888889
624.999999999999	312.611111111111
625.999999999996	312.611111111111
626.999999999998	313.138888888889
627.999999999995	312.972222222222
629.000000000002	313.402777777778
629.999999999999	313.402777777778
631.000000000000	313.402777777778
631.999999999997	313.402777777778
633.999999999996	313.236111111111
634.999999999993	313.236111111111
635.999999999999	313.236111111111
636.999999999996	313.236111111111
637.999999999998	313.402777777778
638.999999999995	313.402777777778
639.999999999997	312.888888888889
640.999999999994	314.000000000000
642.000000000000	312.625000000000
642.999999999997	313.402777777778
643.999999999999	313.222222222222
644.999999999996	313.138888888889
645.999999999997	312.444444444444
646.999999999994	314.097222222222
648.000000000001	313.486111111111
648.999999999998	314.000000000000
650.000000000000	312.888888888889
650.999999999997	312.541666666667
651.999999999998	313.319444444444
652.999999999995	313.486111111111
653.999999999992	312.972222222222
654.999999999999	312.972222222222
655.999999999996	313.666666666667
656.999999999997	312.972222222222
657.999999999994	312.972222222222
659.999999999993	313.402777777778
661.000000000000	313.402777777778
661.999999999997	313.402777777778
662.999999999998	313.402777777778
663.999999999995	313.402777777778
664.999999999997	312.805555555556
665.999999999994	313.402777777778
667.000000000000	313.138888888889
667.999999999997	313.819444444444
668.999999999999	313.138888888889
669.999999999996	313.319444444444
670.999999999998	313.666666666667
671.999999999995	313.319444444444
673.000000000001	313.750000000000
673.999999999998	313.750000000000
674.999999999995	312.611111111111
675.999999999997	313.402777777778
676.999999999994	313.402777777778
677.999999999995	312.972222222222
678.999999999992	313.236111111111
679.999999999999	313.236111111111
680.999999999996	313.055555555556
681.999999999998	313.055555555556
682.999999999995	313.055555555556
683.999999999996	313.055555555556
684.999999999993	312.527777777778
686.000000000000	313.569444444444
686.999999999997	313.138888888889
687.999999999998	313.138888888889
688.999999999995	313.138888888889
689.999999999997	312.875000000000
690.999999999994	313.222222222222
692.000000000001	312.444444444444
692.999999999997	313.222222222222
693.999999999999	313.055555555556
694.999999999996	313.236111111111
695.999999999993	313.055555555556
696.999999999995	312.791666666667
697.999999999992	313.138888888889
698.999999999998	313.138888888889
699.999999999995	312.958333333333
700.999999999997	312.527777777778
701.999999999994	312.791666666667
702.999999999996	313.472222222222
703.999999999992	312.791666666667
704.999999999999	313.222222222222
705.999999999996	313.055555555556
706.999999999998	313.222222222222
707.999999999995	313.486111111111
708.999999999996	313.486111111111
709.999999999993	313.486111111111
711.000000000000	312.875000000000
711.999999999997	312.875000000000
712.999999999999	313.055555555556
713.999999999995	313.041666666667
714.999999999997	313.736111111111
715.999999999994	313.486111111111
716.999999999991	313.305555555556
717.999999999998	313.305555555556
718.999999999995	313.041666666667
719.999999999996	313.305555555556
720.999999999993	312.611111111111
721.999999999995	313.125000000000
722.999999999992	313.125000000000
723.999999999998	312.958333333333
724.999999999995	312.958333333333
725.999999999997	312.958333333333
726.999999999994	313.305555555556
727.999999999996	312.263888888889
728.999999999993	312.708333333333
729.999999999999	312.875000000000
730.999999999996	313.055555555556
731.999999999998	312.791666666667
732.999999999995	313.569444444444
733.999999999996	313.222222222222
734.999999999993	313.222222222222
735.999999999990	312.875000000000
736.999999999997	313.222222222222
737.999999999994	313.222222222222
738.999999999996	313.222222222222
739.999999999992	313.222222222222
740.999999999994	313.041666666667
741.999999999991	312.777777777778
742.999999999998	312.513888888889
743.999999999995	313.388888888889
744.999999999996	313.388888888889
745.999999999993	313.388888888889
746.999999999995	313.208333333333
747.999999999992	312.527777777778
748.999999999999	312.777777777778
749.999999999995	312.611111111111
750.999999999997	312.777777777778
751.999999999994	312.944444444444
752.999999999996	312.944444444444
753.999999999993	312.680555555556
754.999999999999	312.513888888889
755.999999999996	312.513888888889
756.999999999993	312.944444444444
757.999999999995	312.944444444444
758.999999999992	312.513888888889
759.999999999994	312.513888888889
760.999999999990	312.694444444444
761.999999999997	312.958333333333
762.999999999994	312.958333333333
763.999999999996	312.513888888889
765.999999999994	312.611111111111
766.999999999991	313.055555555556
767.999999999998	312.875000000000
768.999999999995	312.875000000000
769.999999999997	312.875000000000
770.999999999994	312.694444444444
771.999999999995	312.875000000000
772.999999999992	312.875000000000
773.999999999999	312.875000000000
774.999999999996	312.611111111111
775.999999999997	312.611111111111
776.999999999994	312.263888888889
777.999999999991	313.138888888889
778.999999999993	312.180555555556
779.999999999990	312.791666666667
780.999999999996	312.000000000000
781.999999999993	312.180555555556
782.999999999995	312.708333333333
783.999999999992	312.958333333333
784.999999999994	312.444444444444
785.999999999991	312.611111111111
786.999999999997	312.611111111111
787.999999999994	312.527777777778
788.999999999996	312.694444444444
789.999999999993	312.097222222222
790.999999999995	312.777777777778
791.999999999991	312.430555555556
792.999999999998	312.611111111111
793.999999999995	312.444444444444
795.999999999994	312.444444444444
796.999999999995	312.611111111111
797.999999999992	312.444444444444
798.999999999989	311.833333333333
799.999999999996	312.694444444444
800.999999999993	313.222222222222
801.999999999995	313.388888888889
802.999999999991	312.708333333333
803.999999999993	312.875000000000
805.999999999997	312.430555555556
806.999999999994	312.263888888889
807.999999999995	313.305555555556
808.999999999992	312.777777777778
809.999999999994	311.916666666667
810.999999999991	312.777777777778
811.999999999997	312.777777777778
812.999999999994	312.263888888889
813.999999999996	312.527777777778
814.999999999993	312.527777777778
815.999999999995	312.347222222222
816.999999999992	312.347222222222
817.999999999989	312.347222222222
818.999999999995	312.347222222222
819.999999999992	312.694444444444
820.999999999994	311.736111111111
821.999999999991	312.263888888889
822.999999999992	312.430555555556
823.999999999989	312.263888888889
824.999999999996	312.611111111111
825.999999999993	312.791666666667
826.999999999995	312.791666666667
827.999999999992	312.611111111111
828.999999999993	311.638888888889
829.999999999990	312.611111111111
830.999999999997	312.777777777778
831.999999999994	312.430555555556
832.999999999995	312.263888888889
833.999999999992	312.958333333333
834.999999999994	311.916666666667
835.999999999991	312.611111111111
836.999999999998	312.791666666667
837.999999999995	312.263888888889
838.999999999991	312.611111111111
839.999999999993	312.166666666667
840.999999999990	312.000000000000
842.999999999989	311.833333333333
843.999999999995	312.791666666667
844.999999999992	312.791666666667
845.999999999994	311.555555555556
846.999999999991	312.875000000000
847.999999999993	311.819444444444
848.999999999990	311.638888888889
849.999999999996	311.638888888889
850.999999999993	312.347222222222
851.999999999995	312.166666666667
852.999999999992	312.791666666667
853.999999999994	311.833333333333
854.999999999990	312.347222222222
855.999999999997	311.638888888889
856.999999999994	311.638888888889
857.999999999996	312.875000000000
858.999999999993	311.916666666667
859.999999999990	312.444444444444
860.999999999991	312.875000000000
861.999999999988	311.305555555556
862.999999999995	311.819444444444
863.999999999992	312.527777777778
864.999999999993	312.083333333333
865.999999999990	311.388888888889
866.999999999992	312.180555555556
867.999999999989	312.180555555556
868.999999999996	312.180555555556
869.999999999992	312.791666666667
870.999999999994	312.013888888889
871.999999999991	312.875000000000
872.999999999993	312.708333333333
873.999999999990	312.083333333333
874.999999999996	312.694444444444
875.999999999993	312.097222222222
876.999999999995	311.486111111111
877.999999999992	311.750000000000
878.999999999989	312.013888888889
879.999999999991	312.361111111111
880.999999999987	311.833333333333
881.999999999994	311.833333333333
882.999999999991	312.430555555556
883.999999999993	311.652777777778
884.999999999990	311.833333333333
885.999999999991	312.013888888889
886.999999999988	311.388888888889
887.999999999995	312.013888888889
888.999999999992	311.833333333333
889.999999999994	311.833333333333
890.999999999990	312.180555555556
891.999999999992	312.000000000000
892.999999999989	311.833333333333
893.999999999996	311.472222222222
894.999999999993	312.083333333333
895.999999999994	312.263888888889
896.999999999991	311.652777777778
897.999999999993	311.652777777778
