-120.000000000004	367.472222222222
-119.000000000003	367.722222222222
-118.000000000006	367.555555555556
-117.000000000004	367.555555555556
-116.000000000007	367.722222222222
-115.000000000000	367.722222222222
-114.000000000003	367.208333333333
-113.000000000002	368.250000000000
-112.000000000005	368.250000000000
-111.000000000003	367.458333333333
-110.000000000006	366.597222222222
-108.999999999999	367.388888888889
-108.000000000003	367.722222222222
-107.000000000001	367.208333333333
-106.000000000004	366.694444444444
-105.000000000002	366.694444444444
-104.000000000005	367.125000000000
-102.999999999999	367.819444444444
-102.000000000002	367.291666666667
-101.000000000005	367.902777777778
-100.000000000003	367.736111111111
-99.000000000006	367.388888888889
-98.000000000004	366.250000000000
-97.000000000007	368.263888888889
-96.000000000001	367.569444444444
-95.000000000004	366.763888888889
-94.000000000002	368.263888888889
-93.000000000005	367.819444444444
-92.000000000003	367.638888888889
-91.000000000006	367.805555555556
-90.000000000000	368.166666666667
-89.000000000003	366.333333333333
-88.000000000001	366.500000000000
-87.000000000004	367.208333333333
-86.000000000002	368.166666666667
-85.000000000005	367.555555555555
-83.999999999999	366.958333333333
-83.000000000002	366.861111111111
-82.000000000005	367.041666666667
-81.000000000003	368.000000000000
-80.000000000006	367.208333333333
-79.000000000004	366.930555555556
-78.000000000007	366.750000000000
-77.000000000001	365.986111111111
-76.000000000004	367.111111111111
-75.000000000002	367.638888888889
-74.000000000005	367.458333333333
-73.000000000003	368.000000000000
-72.000000000007	366.583333333333
-71.000000000000	366.763888888889
-70.000000000003	366.500000000000
-69.000000000001	367.388888888889
-68.000000000004	367.027777777778
-67.000000000003	367.388888888889
-66.000000000006	367.736111111111
-64.999999999999	367.833333333333
-64.000000000002	366.597222222222
-63.000000000000	367.638888888889
-62.000000000003	367.638888888889
-61.000000000006	367.986111111111
-60.000000000005	366.930555555556
-59.000000000008	367.541666666667
-58.000000000001	367.986111111111
-57.000000000004	367.541666666667
-56.000000000002	367.902777777778
-55.000000000005	367.722222222222
-54.000000000004	367.555555555555
-53.000000000007	366.666666666667
-52.000000000000	368.083333333333
-51.000000000003	367.305555555556
-50.000000000001	366.944444444444
-49.000000000005	366.777777777778
-48.000000000003	367.736111111111
-47.000000000006	366.583333333333
-45.999999999999	367.902777777778
-45.000000000002	367.388888888889
-44.000000000001	366.944444444444
-43.000000000004	367.125000000000
-42.000000000002	367.291666666667
-41.000000000005	367.736111111111
-40.000000000008	368.430555555556
-39.000000000001	367.736111111111
-38.000000000004	367.736111111111
-37.000000000003	367.388888888889
-36.000000000006	367.125000000000
-35.000000000004	367.041666666667
-34.000000000007	368.083333333333
-33.000000000000	367.458333333333
-32.000000000003	367.638888888889
-31.000000000002	367.291666666667
-30.000000000005	366.319444444444
-29.000000000003	367.208333333333
-28.000000000006	367.388888888889
-26.999999999999	367.388888888889
-26.000000000003	367.569444444444
-25.000000000001	368.263888888889
-24.000000000004	366.583333333333
-23.000000000002	367.375000000000
-22.000000000005	366.861111111111
-21.000000000008	368.083333333333
-20.000000000002	368.083333333333
-19.000000000005	367.916666666667
-18.000000000003	367.736111111111
-17.000000000006	367.472222222222
-16.000000000004	368.000000000000
-15.000000000007	367.833333333333
-14.000000000001	368.013888888889
-13.000000000004	367.569444444444
-12.000000000002	367.388888888889
-11.000000000005	367.486111111111
-10.000000000003	367.652777777778
-9.000000000006	368.430555555556
-8.000000000000	366.777777777778
-7.000000000003	368.263888888889
-6.000000000001	367.388888888889
-5.000000000004	368.597222222222
-4.000000000002	367.125000000000
-3.000000000005	367.125000000000
-1.999999999999	367.722222222222
-1.000000000002	367.375000000000
0.000000000000	367.819444444444
0.999999999997	367.736111111111
1.999999999994	367.125000000000
2.999999999996	367.736111111111
3.999999999993	367.041666666667
4.999999999999	367.555555555556
5.999999999996	367.555555555556
6.999999999998	367.194444444444
7.999999999995	367.194444444444
8.999999999997	367.902777777778
9.999999999994	367.902777777778
11.999999999997	366.777777777778
12.999999999999	367.472222222222
13.999999999996	367.472222222222
14.999999999998	368.000000000000
15.999999999995	367.833333333333
17.000000000001	367.833333333333
17.999999999998	367.388888888889
19.000000000000	367.208333333333
19.999999999997	368.000000000000
20.999999999994	368.680555555556
21.999999999995	368.097222222222
22.999999999992	368.444444444444
23.999999999999	368.083333333333
24.999999999996	367.458333333333
25.999999999998	367.902777777778
26.999999999995	367.638888888889
27.999999999996	368.250000000000
28.999999999993	368.083333333333
30.000000000000	367.125000000000
30.999999999997	368.263888888889
31.999999999999	368.513888888889
32.999999999996	367.291666666667
33.999999999997	368.083333333333
34.999999999994	368.333333333333
36.000000000001	368.166666666667
36.999999999998	368.347222222222
38.000000000000	367.638888888889
38.999999999997	367.819444444444
39.999999999994	367.472222222222
40.999999999995	367.736111111111
41.999999999992	367.555555555555
42.999999999999	366.069444444444
43.999999999996	366.597222222222
44.999999999997	366.763888888889
45.999999999994	365.652777777778
46.999999999996	365.819444444444
47.999999999993	364.777777777778
49.000000000000	364.777777777778
49.999999999997	364.680555555556
50.999999999998	363.652777777778
51.999999999995	363.652777777778
52.999999999997	363.388888888889
53.999999999994	362.513888888889
55.000000000001	362.861111111111
55.999999999998	362.097222222222
56.999999999999	361.222222222222
57.999999999996	360.263888888889
58.999999999998	360.694444444444
59.999999999995	359.402777777778
60.999999999992	360.083333333333
61.999999999999	359.236111111111
62.999999999996	358.263888888889
63.999999999997	358.083333333333
64.999999999994	357.402777777778
65.999999999996	355.500000000000
66.999999999993	355.500000000000
67.999999999999	354.972222222222
68.999999999996	354.708333333333
69.999999999998	353.736111111111
70.999999999995	353.222222222222
71.999999999997	353.222222222222
72.999999999994	352.111111111111
74.000000000000	350.958333333333
74.999999999997	350.708333333333
75.999999999999	350.611111111111
76.999999999996	349.944444444444
77.999999999998	348.805555555556
78.999999999995	348.041666666667
80.000000000001	347.777777777778
80.999999999998	346.805555555556
81.999999999995	345.944444444444
82.999999999997	345.777777777778
83.999999999994	345.444444444444
84.999999999996	344.819444444444
85.999999999993	343.916666666667
86.999999999999	343.152777777778
87.999999999996	343.500000000000
88.999999999998	342.375000000000
89.999999999995	341.583333333333
90.999999999997	341.416666666667
91.999999999994	340.722222222222
93.000000000000	339.777777777778
93.999999999997	339.611111111111
94.999999999999	339.347222222222
95.999999999996	338.222222222222
96.999999999998	338.041666666667
97.999999999995	337.513888888889
99.000000000001	337.513888888889
99.999999999998	336.736111111111
101.000000000000	336.388888888889
101.999999999997	335.708333333333
102.999999999994	336.041666666667
103.999999999995	336.041666666667
104.999999999992	334.138888888889
105.999999999999	334.138888888889
106.999999999996	332.819444444444
107.999999999998	333.861111111111
108.999999999995	332.819444444444
109.999999999996	332.388888888889
110.999999999993	331.611111111111
112.000000000000	331.791666666667
112.999999999997	331.527777777778
113.999999999999	331.708333333333
114.999999999996	331.000000000000
115.999999999997	329.958333333333
116.999999999994	330.222222222222
118.000000000001	329.444444444444
118.999999999998	329.611111111111
120.000000000000	328.916666666667
120.999999999997	328.666666666667
121.999999999998	329.083333333333
122.999999999995	329.083333333333
123.999999999992	327.708333333333
124.999999999999	327.708333333333
125.999999999996	327.972222222222
126.999999999997	327.541666666667
127.999999999994	327.541666666667
128.999999999996	327.541666666667
129.999999999993	326.763888888889
131.000000000000	326.152777777778
131.999999999997	326.583333333333
132.999999999998	326.236111111111
133.999999999995	325.819444444444
134.999999999997	326.069444444444
135.999999999994	326.055555555556
137.000000000001	325.888888888889
137.999999999998	326.069444444444
138.999999999999	325.722222222222
139.999999999996	327.111111111111
140.999999999998	325.194444444444
141.999999999995	325.888888888889
142.999999999992	325.458333333333
143.999999999999	324.944444444444
144.999999999996	323.708333333333
145.999999999997	325.375000000000
146.999999999994	325.361111111111
147.999999999996	325.541666666667
148.999999999993	324.666666666667
150.000000000000	324.666666666667
150.999999999997	324.500000000000
151.999999999998	324.666666666667
152.999999999995	324.597222222222
153.999999999997	324.250000000000
154.999999999994	323.805555555556
156.000000000001	324.680555555556
156.999999999997	324.236111111111
157.999999999999	323.541666666667
158.999999999996	324.916666666667
159.999999999998	324.569444444444
160.999999999995	324.055555555556
162.000000000001	324.236111111111
162.999999999998	323.291666666667
163.999999999995	323.458333333333
164.999999999997	323.638888888889
165.999999999994	323.805555555556
166.999999999996	323.194444444444
167.999999999993	323.638888888889
168.999999999999	322.944444444444
169.999999999996	323.458333333333
170.999999999998	323.277777777778
171.999999999995	322.944444444444
172.999999999997	322.944444444444
173.999999999994	322.763888888889
175.000000000000	322.319444444444
175.999999999997	322.319444444444
176.999999999999	322.666666666667
177.999999999996	322.486111111111
178.999999999998	322.319444444444
179.999999999995	322.152777777778
181.000000000001	322.500000000000
181.999999999998	321.819444444444
183.000000000000	321.458333333333
183.999999999997	322.236111111111
184.999999999994	322.069444444444
185.999999999996	322.500000000000
186.999999999993	321.291666666667
187.999999999999	321.902777777778
188.999999999996	321.902777777778
189.999999999998	321.277777777778
190.999999999995	321.625000000000
191.999999999997	321.375000000000
192.999999999994	320.069444444444
194.000000000000	321.277777777778
194.999999999997	320.333333333333
195.999999999999	320.513888888889
196.999999999996	321.111111111111
197.999999999998	320.666666666667
198.999999999995	320.069444444444
200.000000000001	320.250000000000
200.999999999998	320.944444444444
202.000000000000	319.652777777778
202.999999999997	320.333333333333
203.999999999994	319.569444444444
204.999999999996	319.388888888889
205.999999999992	319.569444444444
206.999999999999	319.569444444444
207.999999999996	318.777777777778
208.999999999998	319.722222222222
209.999999999995	319.305555555556
210.999999999996	318.944444444444
211.999999999993	319.125000000000
213.000000000000	319.388888888889
213.999999999997	319.041666666667
214.999999999999	318.861111111111
215.999999999996	318.152777777778
216.999999999997	318.513888888889
217.999999999994	318.861111111111
219.000000000001	318.500000000000
219.999999999998	317.986111111111
221.000000000000	318.152777777778
221.999999999997	317.375000000000
222.999999999998	318.069444444445
223.999999999995	318.055555555556
224.999999999992	318.680555555556
225.999999999999	317.972222222222
226.999999999996	316.875000000000
227.999999999998	318.152777777778
228.999999999995	318.152777777778
229.999999999996	318.152777777778
230.999999999993	318.152777777778
232.000000000000	318.152777777778
232.999999999997	317.375000000000
233.999999999999	317.208333333333
234.999999999996	317.375000000000
235.999999999997	317.208333333333
236.999999999994	317.208333333333
238.000000000001	317.291666666667
238.999999999998	317.902777777778
240.000000000000	316.611111111111
240.999999999996	317.027777777778
241.999999999998	317.472222222222
242.999999999995	317.111111111111
244.000000000002	317.277777777778
244.999999999999	316.694444444444
245.999999999996	316.875000000000
246.999999999997	316.250000000000
247.999999999994	317.541666666667
248.999999999996	316.958333333333
249.999999999993	316.708333333333
251.000000000000	316.875000000000
251.999999999997	316.875000000000
252.999999999998	317.305555555556
253.999999999995	317.472222222222
254.999999999997	316.861111111111
255.999999999994	317.208333333333
257.000000000001	316.527777777778
257.999999999998	316.861111111111
258.999999999999	316.861111111111
259.999999999996	317.291666666667
260.999999999998	316.763888888889
261.999999999995	317.125000000000
263.000000000002	317.805555555556
263.999999999999	317.041666666667
265.000000000000	316.083333333333
265.999999999997	317.208333333333
266.999999999994	316.944444444444
267.999999999996	317.291666666667
268.999999999993	316.513888888889
270.000000000000	316.597222222222
270.999999999997	317.291666666667
271.999999999998	316.861111111111
272.999999999995	317.277777777778
273.999999999997	317.125000000000
274.999999999994	317.125000000000
276.000000000001	317.125000000000
276.999999999998	317.291666666667
277.999999999999	317.291666666667
278.999999999996	318.069444444444
279.999999999998	316.694444444444
282.000000000002	317.041666666667
282.999999999999	317.458333333333
284.000000000000	317.291666666667
284.999999999997	317.361111111111
285.999999999994	317.888888888889
286.999999999996	318.250000000000
287.999999999993	317.458333333333
289.000000000000	317.194444444444
289.999999999997	318.055555555556
290.999999999998	317.972222222222
291.999999999995	317.458333333333
292.999999999997	317.625000000000
293.999999999994	317.472222222222
295.000000000001	317.208333333333
295.999999999998	317.625000000000
296.999999999999	317.805555555556
297.999999999996	318.416666666667
298.999999999998	317.888888888889
299.999999999995	317.888888888889
301.000000000002	317.888888888889
301.999999999999	317.805555555556
303.000000000000	318.152777777778
303.999999999997	317.972222222222
304.999999999999	317.638888888889
305.999999999996	318.069444444444
306.999999999993	317.277777777778
308.000000000000	317.277777777778
308.999999999997	317.458333333333
309.999999999998	318.250000000000
310.999999999995	318.430555555556
311.999999999997	317.458333333333
312.999999999994	318.236111111111
314.000000000001	317.888888888889
314.999999999998	317.888888888889
315.999999999999	317.888888888889
316.999999999996	317.972222222222
317.999999999998	317.208333333333
318.999999999995	317.041666666667
320.000000000002	317.208333333333
320.999999999999	317.208333333333
322.000000000000	317.541666666667
322.999999999997	317.041666666667
323.999999999999	317.041666666667
324.999999999996	316.875000000000
326.000000000003	317.805555555556
327.000000000000	318.333333333333
327.999999999997	317.986111111111
328.999999999998	318.250000000000
329.999999999995	317.125000000000
330.999999999997	316.958333333333
331.999999999994	316.944444444444
333.000000000001	316.944444444444
333.999999999998	317.638888888889
334.999999999999	317.208333333333
335.999999999996	317.208333333333
336.999999999998	317.902777777778
337.999999999995	317.111111111111
339.000000000002	317.125000000000
339.999999999999	316.347222222222
341.000000000000	316.861111111111
341.999999999997	316.250000000000
342.999999999999	315.916666666667
343.999999999996	316.166666666667
345.000000000003	316.333333333333
346.000000000000	315.888888888889
347.000000000001	317.125000000000
347.999999999998	316.347222222222
348.999999999995	316.513888888889
349.999999999997	317.458333333333
350.999999999994	316.944444444444
352.000000000001	316.944444444444
352.999999999998	316.333333333333
353.999999999999	316.777777777778
354.999999999996	316.777777777778
355.999999999998	316.861111111111
356.999999999995	316.944444444444
358.000000000002	317.277777777778
358.999999999999	316.513888888889
360.000000000000	315.555555555556
360.999999999997	315.916666666667
361.999999999999	316.430555555556
362.999999999996	317.291666666667
364.000000000003	316.263888888889
365.000000000000	315.638888888889
366.000000000001	316.430555555556
366.999999999998	316.250000000000
367.999999999995	316.250000000000
368.999999999997	316.250000000000
369.999999999994	315.736111111111
371.000000000001	315.736111111111
371.999999999998	316.958333333333
372.999999999999	316.444444444444
373.999999999996	316.444444444444
374.999999999998	316.000000000000
375.999999999995	316.000000000000
377.000000000002	316.347222222222
377.999999999999	315.472222222222
379.000000000000	316.069444444444
379.999999999997	316.513888888889
380.999999999999	315.388888888889
381.999999999996	316.416666666667
383.000000000003	316.430555555556
384.000000000000	316.597222222222
385.000000000001	315.708333333333
385.999999999998	315.541666666667
387.000000000000	316.000000000000
387.999999999997	315.819444444444
388.999999999994	316.430555555556
390.000000000001	315.472222222222
390.999999999998	316.166666666667
391.999999999999	315.916666666667
392.999999999996	315.472222222222
393.999999999998	315.638888888889
394.999999999995	316.250000000000
396.000000000002	316.430555555556
396.999999999999	316.513888888889
398.000000000000	315.027777777778
398.999999999997	316.166666666667
399.999999999999	316.875000000000
400.999999999996	316.513888888889
402.000000000003	316.250000000000
403.000000000000	315.819444444444
404.000000000001	316.527777777778
404.999999999998	315.555555555556
406.000000000000	316.083333333333
406.999999999997	316.277777777778
408.000000000004	316.097222222222
409.000000000001	315.833333333333
409.999999999998	315.472222222222
410.999999999999	316.500000000000
411.999999999996	316.000000000000
412.999999999998	315.819444444444
413.999999999995	316.513888888889
415.000000000002	316.347222222222
415.999999999999	316.611111111111
417.000000000000	316.611111111111
417.999999999997	316.430555555556
418.999999999999	315.805555555556
419.999999999996	316.527777777778
421.000000000003	317.819444444444
422.000000000000	316.527777777778
423.000000000001	316.777777777778
423.999999999998	316.527777777778
425.000000000000	316.527777777778
425.999999999997	316.361111111111
427.000000000004	316.166666666667
428.000000000001	316.944444444444
428.999999999998	316.944444444444
429.999999999999	316.958333333333
430.999999999996	315.736111111111
431.999999999998	315.736111111111
432.999999999995	315.916666666667
434.000000000002	316.513888888889
434.999999999999	316.083333333333
436.000000000000	316.416666666667
436.999999999997	317.111111111111
437.999999999999	315.805555555556
438.999999999996	316.861111111111
440.000000000003	317.277777777778
441.000000000000	315.833333333333
442.000000000001	315.916666666667
442.999999999998	316.777777777778
444.000000000000	316.000000000000
444.999999999997	316.250000000000
446.000000000004	317.027777777778
447.000000000001	315.805555555556
448.000000000002	316.958333333333
448.999999999999	315.652777777778
449.999999999996	315.458333333333
450.999999999998	315.722222222222
451.999999999995	315.722222222222
453.000000000002	316.444444444444
453.999999999999	315.986111111111
455.000000000000	315.291666666667
455.999999999997	316.069444444444
456.999999999999	316.527777777778
457.999999999996	316.861111111111
459.000000000003	316.527777777778
460.000000000000	316.277777777778
461.000000000001	315.916666666667
463.000000000000	315.208333333333
463.999999999997	316.250000000000
465.000000000004	315.111111111111
466.000000000001	316.083333333333
467.000000000002	316.263888888889
467.999999999999	315.541666666667
469.000000000001	316.777777777778
469.999999999998	315.541666666667
470.999999999995	315.027777777778
472.000000000002	316.152777777778
472.999999999999	314.763888888889
474.000000000000	315.888888888889
474.999999999997	314.680555555556
475.999999999999	316.597222222222
476.999999999996	315.555555555556
478.000000000003	315.388888888889
479.000000000000	315.652777777778
480.000000000001	315.736111111111
480.999999999998	316.250000000000
482.000000000000	315.819444444444
482.999999999997	315.902777777778
484.000000000004	316.069444444444
485.000000000001	315.902777777778
486.000000000002	316.777777777778
486.999999999999	315.458333333333
488.000000000001	316.347222222222
488.999999999998	315.125000000000
490.000000000005	316.000000000000
491.000000000002	315.819444444444
491.999999999999	316.000000000000
493.000000000000	315.819444444444
493.999999999997	315.291666666667
494.999999999999	315.819444444444
495.999999999996	315.305555555556
497.000000000003	315.305555555556
498.000000000000	315.291666666667
499.000000000001	316.361111111111
499.999999999998	314.777777777778
501.000000000000	314.527777777778
501.999999999997	315.569444444444
503.000000000004	315.125000000000
504.000000000001	316.597222222222
505.000000000002	314.944444444445
505.999999999999	314.944444444445
507.000000000001	316.166666666667
507.999999999998	314.958333333333
509.000000000005	315.125000000000
510.000000000002	314.861111111111
510.999999999999	314.694444444444
512.000000000000	315.111111111111
512.999999999997	315.638888888889
513.999999999999	315.638888888889
514.999999999996	314.763888888889
516.000000000002	315.291666666667
516.999999999999	314.777777777778
518.000000000001	314.944444444445
518.999999999998	314.694444444444
520.000000000000	315.388888888889
520.999999999997	314.513888888889
522.000000000003	315.986111111111
523.000000000000	316.527777777778
524.000000000002	315.555555555556
524.999999999999	314.944444444444
526.000000000000	315.819444444444
526.999999999997	315.208333333333
528.000000000004	315.736111111111
529.000000000001	315.736111111111
530.000000000003	315.902777777778
531.000000000000	315.722222222222
531.999999999996	315.111111111111
532.999999999998	315.555555555556
533.999999999995	315.555555555556
535.000000000002	315.388888888889
535.999999999999	315.652777777778
537.000000000000	316.083333333333
537.999999999997	314.611111111111
538.999999999999	315.805555555556
539.999999999996	315.805555555556
541.000000000003	316.166666666667
541.999999999999	316.166666666667
543.000000000001	315.986111111111
543.999999999998	315.902777777778
545.000000000000	315.819444444444
545.999999999997	315.388888888889
547.000000000003	315.027777777778
548.000000000000	314.513888888889
549.000000000002	315.472222222222
549.999999999999	315.652777777778
551.000000000001	314.430555555555
551.999999999997	314.347222222222
552.999999999994	315.819444444444
554.000000000001	315.652777777778
554.999999999998	315.388888888889
556.000000000000	314.861111111111
556.999999999997	314.861111111111
557.999999999998	315.486111111111
558.999999999995	315.486111111111
560.000000000002	314.513888888889
560.999999999999	315.291666666667
562.000000000000	316.000000000000
562.999999999997	315.555555555556
563.999999999999	315.555555555556
564.999999999996	314.513888888889
566.000000000003	315.375000000000
567.000000000000	314.680555555556
568.000000000001	315.736111111111
568.999999999998	315.736111111111
570.000000000000	315.027777777778
570.999999999997	315.027777777778
572.000000000003	314.847222222222
573.000000000000	315.638888888889
573.999999999997	314.944444444444
574.999999999999	316.083333333333
575.999999999996	314.680555555556
576.999999999998	314.847222222222
577.999999999995	315.194444444444
579.000000000001	315.027777777778
579.999999999998	314.597222222222
581.000000000000	315.555555555556
581.999999999997	315.555555555556
582.999999999998	315.388888888889
583.999999999995	314.694444444444
585.000000000002	315.388888888889
585.999999999999	314.958333333333
587.000000000001	315.208333333333
587.999999999997	315.208333333333
588.999999999999	315.208333333333
589.999999999996	315.208333333333
591.000000000003	314.861111111111
592.000000000000	315.041666666667
592.999999999997	314.861111111111
593.999999999998	316.347222222222
594.999999999995	315.541666666667
595.999999999997	314.263888888889
596.999999999994	315.111111111111
598.000000000000	314.513888888889
598.999999999997	314.944444444444
599.999999999999	314.763888888889
600.999999999996	315.375000000000
601.999999999998	315.555555555556
602.999999999995	314.763888888889
604.000000000001	314.763888888889
604.999999999998	315.736111111111
606.000000000000	315.555555555556
606.999999999997	315.472222222222
607.999999999999	314.861111111111
608.999999999995	314.861111111111
610.000000000002	314.944444444445
610.999999999999	314.416666666667
612.000000000001	314.847222222222
612.999999999998	314.430555555556
613.999999999995	314.430555555556
614.999999999996	314.500000000000
615.999999999993	314.930555555556
617.000000000000	314.666666666667
617.999999999997	315.208333333333
618.999999999998	314.958333333333
619.999999999995	314.847222222222
620.999999999997	314.666666666667
621.999999999994	315.027777777778
623.000000000001	315.027777777778
623.999999999997	314.847222222222
624.999999999999	314.847222222222
625.999999999996	314.680555555556
626.999999999998	315.375000000000
627.999999999995	314.000000000000
629.000000000001	315.111111111111
629.999999999998	315.111111111111
631.000000000000	314.944444444445
631.999999999997	315.041666666667
632.999999999999	315.041666666667
633.999999999996	315.388888888889
634.999999999992	314.000000000000
635.999999999999	314.347222222222
636.999999999996	314.166666666667
637.999999999998	314.333333333333
638.999999999995	315.652777777778
639.999999999996	314.861111111111
640.999999999993	314.597222222222
642.000000000000	314.763888888889
642.999999999997	314.597222222222
643.999999999999	315.388888888889
644.999999999995	314.763888888889
645.999999999997	314.597222222222
646.999999999994	314.597222222222
648.000000000001	314.763888888889
648.999999999998	314.958333333333
649.999999999999	314.958333333333
650.999999999996	315.027777777778
651.999999999998	314.944444444444
652.999999999995	314.944444444444
653.999999999992	314.000000000000
654.999999999998	315.208333333333
655.999999999995	314.013888888889
656.999999999997	314.013888888889
657.999999999994	314.263888888889
658.999999999996	314.013888888889
659.999999999993	312.958333333333
660.999999999999	315.472222222222
661.999999999996	312.527777777778
662.999999999998	315.027777777778
663.999999999995	316.000000000000
664.999999999996	314.680555555556
665.999999999993	314.347222222222
667.000000000000	314.347222222222
667.999999999997	314.513888888889
668.999999999999	315.111111111111
669.999999999996	314.583333333333
670.999999999997	314.583333333333
671.999999999994	313.472222222222
673.000000000001	314.750000000000
673.999999999998	314.930555555556
674.999999999995	314.097222222222
675.999999999996	315.125000000000
676.999999999993	315.125000000000
677.999999999995	314.930555555556
678.999999999992	314.430555555556
679.999999999999	314.250000000000
680.999999999995	314.416666666667
681.999999999997	314.944444444445
682.999999999994	314.347222222222
683.999999999996	313.555555555556
684.999999999993	314.250000000000
685.999999999999	314.500000000000
686.999999999996	315.291666666667
687.999999999998	314.680555555556
688.999999999995	313.569444444444
689.999999999997	314.513888888889
690.999999999994	315.291666666667
692.000000000000	313.902777777778
692.999999999997	314.583333333333
693.999999999999	314.000000000000
694.999999999996	313.305555555556
695.999999999993	314.083333333333
696.999999999994	315.013888888889
697.999999999991	315.194444444444
698.999999999998	315.375000000000
699.999999999995	313.819444444444
700.999999999996	313.986111111111
701.999999999993	315.125000000000
702.999999999995	314.875000000000
703.999999999992	315.388888888889
704.999999999999	314.166666666667
705.999999999996	315.027777777778
706.999999999997	314.347222222222
707.999999999994	314.347222222222
708.999999999996	313.819444444444
709.999999999993	314.430555555556
710.999999999999	315.125000000000
711.999999999996	314.777777777778
712.999999999998	314.763888888889
713.999999999995	314.000000000000
714.999999999997	313.833333333333
715.999999999994	314.611111111111
716.999999999991	314.347222222222
717.999999999997	314.263888888889
718.999999999994	314.527777777778
719.999999999996	314.513888888889
720.999999999993	314.347222222222
721.999999999994	314.083333333333
722.999999999991	314.763888888889
723.999999999998	314.944444444444
724.999999999995	313.833333333333
725.999999999997	314.791666666667
726.999999999994	313.819444444444
727.999999999995	314.250000000000
728.999999999992	313.472222222222
729.999999999999	313.722222222222
730.999999999996	314.666666666667
731.999999999997	313.736111111111
732.999999999994	314.083333333333
734.999999999993	314.861111111111
735.999999999990	315.041666666667
736.999999999997	314.944444444445
737.999999999994	313.236111111111
738.999999999995	314.500000000000
739.999999999992	313.472222222222
740.999999999994	313.305555555556
741.999999999991	313.638888888889
742.999999999997	313.805555555555
743.999999999994	314.083333333333
744.999999999996	314.861111111111
745.999999999993	314.333333333333
746.999999999995	314.333333333333
747.999999999992	313.472222222222
748.999999999998	313.486111111111
749.999999999995	314.250000000000
750.999999999997	314.263888888889
751.999999999994	314.333333333333
752.999999999995	314.166666666667
753.999999999992	313.750000000000
754.999999999999	313.833333333333
755.999999999996	313.833333333333
756.999999999993	314.347222222222
757.999999999995	313.388888888889
758.999999999991	313.750000000000
759.999999999993	314.694444444444
760.999999999990	314.513888888889
761.999999999997	314.513888888889
762.999999999994	313.750000000000
763.999999999995	313.750000000000
764.999999999992	312.888888888889
765.999999999994	313.750000000000
766.999999999991	314.083333333333
767.999999999997	314.083333333333
768.999999999994	313.819444444444
769.999999999996	313.819444444444
770.999999999993	313.472222222222
771.999999999995	314.347222222222
772.999999999992	315.041666666667
773.999999999998	314.611111111111
774.999999999995	313.833333333333
775.999999999997	313.125000000000
776.999999999994	314.000000000000
777.999999999991	313.555555555556
778.999999999992	314.166666666667
779.999999999989	314.000000000000
780.999999999996	313.472222222222
781.999999999993	314.763888888889
782.999999999995	314.166666666667
783.999999999992	314.347222222222
784.999999999993	314.083333333333
785.999999999990	313.638888888889
786.999999999997	313.472222222222
787.999999999994	313.472222222222
788.999999999995	313.638888888889
789.999999999992	313.819444444444
791.999999999991	314.166666666667
792.999999999998	313.125000000000
793.999999999995	314.000000000000
794.999999999996	314.416666666667
795.999999999993	313.125000000000
796.999999999995	314.000000000000
797.999999999992	314.513888888889
798.999999999989	313.916666666667
799.999999999995	313.652777777778
800.999999999992	313.666666666667
801.999999999994	313.652777777778
802.999999999991	313.138888888889
803.999999999993	313.916666666667
804.999999999990	312.944444444444
805.999999999996	313.125000000000
806.999999999993	314.097222222222
807.999999999995	313.736111111111
808.999999999992	314.430555555556
809.999999999994	313.569444444444
810.999999999990	313.750000000000
811.999999999997	313.388888888889
812.999999999994	313.388888888889
813.999999999996	313.750000000000
814.999999999993	313.916666666667
815.999999999994	312.791666666667
816.999999999991	313.055555555556
817.999999999988	313.222222222222
818.999999999995	314.416666666667
819.999999999992	313.555555555556
820.999999999993	313.569444444444
821.999999999990	313.402777777778
822.999999999992	313.736111111111
823.999999999989	314.347222222222
824.999999999996	313.305555555556
825.999999999992	314.166666666667
826.999999999994	312.180555555556
827.999999999991	313.750000000000
828.999999999993	313.555555555556
829.999999999990	313.736111111111
830.999999999996	314.500000000000
831.999999999993	314.013888888889
832.999999999995	313.652777777778
833.999999999992	313.569444444444
834.999999999994	313.388888888889
835.999999999991	313.402777777778
836.999999999997	314.166666666667
837.999999999994	313.402777777778
838.999999999991	313.402777777778
839.999999999993	313.222222222222
840.999999999990	312.958333333333
841.999999999991	313.305555555556
842.999999999988	313.652777777778
843.999999999995	314.083333333333
844.999999999992	313.388888888889
845.999999999994	314.250000000000
846.999999999990	313.986111111111
847.999999999992	313.638888888889
848.999999999989	313.388888888889
849.999999999996	313.388888888889
850.999999999993	312.347222222222
851.999999999994	313.486111111111
852.999999999991	313.222222222222
853.999999999993	313.125000000000
854.999999999990	314.000000000000
855.999999999996	312.972222222222
856.999999999993	312.791666666667
857.999999999995	313.916666666667
858.999999999992	312.597222222222
859.999999999989	314.000000000000
860.999999999991	313.736111111111
861.999999999988	313.222222222222
862.999999999994	313.736111111111
863.999999999991	312.680555555556
864.999999999993	313.375000000000
865.999999999990	313.305555555556
866.999999999991	313.486111111111
867.999999999988	314.347222222222
868.999999999995	313.388888888889
869.999999999992	313.902777777778
870.999999999994	312.875000000000
871.999999999991	313.222222222222
872.999999999992	313.305555555556
873.999999999989	313.902777777778
874.999999999996	313.138888888889
875.999999999993	312.527777777778
876.999999999994	312.875000000000
877.999999999991	313.986111111111
878.999999999988	314.597222222222
879.999999999990	313.638888888889
880.999999999987	312.875000000000
881.999999999994	313.916666666667
882.999999999990	313.750000000000
883.999999999992	313.750000000000
884.999999999989	314.263888888889
885.999999999991	313.916666666667
886.999999999988	313.486111111111
887.999999999994	312.875000000000
888.999999999991	313.819444444444
889.999999999993	312.361111111111
890.999999999990	314.083333333333
891.999999999992	314.083333333333
892.999999999989	312.625000000000
893.999999999995	313.291666666667
894.999999999992	313.291666666667
895.999999999994	313.736111111111
896.999999999991	312.875000000000
897.999999999992	313.208333333333
